2760.000000
2369.000000
2748.000000
3642.000000
4021.000000
3323.000000
3224.000000
2762.000000
2839.000000
2648.000000
3563.000000
3888.000000
3489.000000
3029.000000
3105.000000
2810.000000
2920.000000
3152.000000
3720.000000
3825.000000
3078.000000
3006.000000
3369.000000
3355.000000
3276.000000
3167.000000
3173.000000
3148.000000
3145.000000
3280.000000
3191.000000
3024.000000
3152.000000
3135.000000
2835.000000
2534.000000
2965.000000
3204.000000
3215.000000
2910.000000
3075.000000
3028.000000
2760.000000
2443.000000
2963.000000
2986.000000
2928.000000
3128.000000
3129.000000
3060.000000
2485.000000
2580.000000
3058.000000
3215.000000
3203.000000
3526.000000
3432.000000
3076.000000
2585.000000
2822.000000
3140.000000
2708.000000
3000.000000
3929.000000
3399.000000
3042.000000
2464.000000
3005.000000
2841.000000
2990.000000
3531.000000
3717.000000
3159.000000
2255.000000
2200.000000
3014.000000
3271.000000
3677.000000
3595.000000
3646.000000
2965.000000
2207.000000
2442.000000
3267.000000
3418.000000
3280.000000
3351.000000
3232.000000
2787.000000
2798.000000
3479.000000
3656.000000
3451.000000
3167.000000
3497.000000
3220.000000
2933.000000
3013.000000
3377.000000
3422.000000
3381.000000
3440.000000
3088.000000
2722.000000
3057.000000
3706.000000
3603.000000
3349.000000
3097.000000
2964.000000
2846.000000
3129.000000
3658.000000
3367.000000
3287.000000
3238.000000
3157.000000
3208.000000
3410.000000
3090.000000
3060.000000
3368.000000
3425.000000
3213.000000
3408.000000
3224.000000
3077.000000
2889.000000
3307.000000
3450.000000
3024.000000
2963.000000
2935.000000
3041.000000
2865.000000
3164.000000
3027.000000
3113.000000
2866.000000
2873.000000
2643.000000
2845.000000
3090.000000
3160.000000
3186.000000
2718.000000
2837.000000
2377.000000
2893.000000
3044.000000
3061.000000
2640.000000
2943.000000
3111.000000
3019.000000
2740.000000
3067.000000
3052.000000
2683.000000
2910.000000
3492.000000
3005.000000
2898.000000
2845.000000
3107.000000
2974.000000
3287.000000
3261.000000
3186.000000
3156.000000
3036.000000
3332.000000
2841.000000
2848.000000
2976.000000
3320.000000
3351.000000
3228.000000
3394.000000
3110.000000
3201.000000
2848.000000
2984.000000
3267.000000
3355.000000
3330.000000
3586.000000
3141.000000
2827.000000
3076.000000
3763.000000
3861.000000
3680.000000
3459.000000
2673.000000
2768.000000
3047.000000
3389.000000
3698.000000
3762.000000
3366.000000
3173.000000
2747.000000
2503.000000
2998.000000
3722.000000
3729.000000
3581.000000
3019.000000
2596.000000
2422.000000
3081.000000
3611.000000
3759.000000
3353.000000
3120.000000
2495.000000
2564.000000
2867.000000
3344.000000
3185.000000
3468.000000
3443.000000
3343.000000
2840.000000
2678.000000
2950.000000
3219.000000
3320.000000
3374.000000
3202.000000
2569.000000
2747.000000
2978.000000
3451.000000
3143.000000
2789.000000
3045.000000
2995.000000
2880.000000
2991.000000
2807.000000
3025.000000
3135.000000
3026.000000
2960.000000
3049.000000
3053.000000
2690.000000
2902.000000
2757.000000
3120.000000
3315.000000
3287.000000
3146.000000
2662.000000
00
2970.000000
3216.000000
3208.000000
3335.000000
3426.000000
3294.000000
2983.000000
2964.000000
3123.000000
3334.000000
3452.000000
3181.000000
2943.000000
2869.000000
3075.000000
3394.000000
3681.000000
3629.000000
3352.000000
2891.000000
2711.000000
2680.000000
2907.000000
3087.000000
3199.000000
3068.000000
3059.000000
3169.000000
3346.000000
3422.000000
3367.000000
3161.000000
2875.000000
2835.000000
2872.000000
2974.000000
3152.000000
3169.000000
3123.000000
3020.000000
3077.000000
3236.000000
3483.000000
3424.000000
3208.000000
2949.000000
2829.000000
2941.000000
3019.000000
3120.000000
3139.000000
2984.000000
2922.000000
3047.000000
3243.000000
3234.000000
3271.000000
3217.000000
3169.000000
3220.000000
3229.000000
3110.000000
2990.000000
2869.000000
2753.000000
2814.000000
3055.000000
3259.000000
3367.000000
3358.000000
3175.000000
3081.000000
3146.000000
3096.000000
3088.000000
3124.000000
3143.000000
3036.000000
3003.000000
2970.000000
3143.000000
3157.000000
3299.000000
3272.000000
3282.000000
3136.000000
3103.000000
3084.000000
3153.000000
3138.000000
3141.000000
3125.000000
3171.000000
3132.000000
3082.000000
3142.000000
3255.000000
3212.000000
3134.000000
3066.000000
3005.000000
2921.000000
2977.000000
2943.000000
2971.000000
2954.000000
3111.000000
3228.000000
3378.000000
3402.000000
3333.000000
3172.000000
3186.000000
3099.000000
2978.000000
2988.000000
2997.000000
2932.000000
3024.000000
3118.000000
3229.000000
3276.000000
3171.000000
3086.000000
3211.000000
3142.000000
3057.000000
3109.000000
3151.000000
3064.000000
2988.000000
2976.000000
2929.000000
2967.000000
3039.000000
3164.000000
3105.000000
3116.000000
3115.000000
3148.000000
3120.000000
3154.000000
3209.000000
3071.000000
3071.000000
2986.000000
2941.000000
3147.000000
3192.000000
3176.000000
3271.000000
3221.000000
3104.000000
3149.000000
3155.000000
3080.000000
3168.000000
3043.000000
3034.000000
3099.000000
3047.000000
3181.000000
3337.000000
3279.000000
3193.000000
3146.000000
3042.000000
3023.000000
3107.000000
3122.000000
3043.000000
3081.000000
3145.000000
3183.000000
3152.000000
3158.000000
3212.000000
3229.000000
3258.000000
3252.000000
3255.000000
3149.000000
3066.000000
2943.000000
2966.000000
3052.000000
3200.000000
3137.000000
3146.000000
3154.000000
3217.000000
3237.000000
3327.000000
3247.000000
3174.000000
3016.000000
2867.000000
2904.000000
2994.000000
3127.000000
3229.000000
3244.000000
3199.000000
3174.000000
3127.000000
3186.000000
3271.000000
3108.000000
2993.000000
3096.000000
3040.000000
2988.000000
3035.000000
3160.000000
3115.000000
3146.000000
3127.000000
3201.000000
3197.000000
3224.000000
3085.000000
3125.000000
3051.000000
2971.000000
3049.000000
3078.000000
2965.000000
3007.000000
3099.000000
3294.000000
3350.000000
3217.000000
3195.000000
3023.000000
2921.000000
2930.000000
3043.000000
3029.000000
3063.000000
3014.000000
3095.000000
3104.000000
3267.000000
3254.000000
3283.000000
3206.000000
3191.000000
3044.000000
3087.000000
3082.000000
2996.000000
2953.000000
2987.000000
2972.000000
3137.000000
3138.000000
00
3156.000000
3185.000000
3150.000000
3058.000000
3073.000000
3122.000000
3128.000000
3061.000000
3156.000000
3169.000000
3181.000000
3115.000000
3125.000000
3099.000000
3186.000000
3172.000000
3087.000000
3018.000000
3092.000000
3063.000000
3209.000000
3199.000000
3112.000000
3018.000000
3064.000000
3065.000000
3144.000000
3118.000000
3124.000000
3078.000000
3061.000000
3054.000000
3050.000000
3090.000000
3148.000000
3131.000000
3076.000000
3096.000000
3154.000000
3117.000000
3061.000000
3176.000000
3110.000000
3122.000000
3038.000000
3128.000000
3099.000000
3139.000000
3084.000000
3156.000000
3117.000000
3106.000000
3051.000000
3176.000000
3104.000000
3059.000000
3082.000000
3121.000000
3142.000000
3221.000000
3206.000000
3128.000000
3019.000000
3027.000000
3084.000000
3157.000000
3117.000000
3104.000000
3110.000000
3065.000000
3040.000000
3137.000000
3207.000000
3149.000000
3124.000000
3107.000000
3092.000000
3018.000000
3057.000000
3168.000000
3121.000000
3035.000000
3086.000000
3067.000000
3103.000000
3153.000000
3141.000000
3179.000000
3074.000000
2951.000000
3124.000000
3099.000000
3085.000000
3131.000000
3134.000000
3172.000000
3097.000000
3073.000000
3062.000000
3108.000000
3044.000000
3160.000000
3162.000000
3075.000000
3088.000000
3125.000000
3036.000000
3050.000000
3062.000000
3155.000000
3124.000000
3112.000000
3141.000000
3144.000000
3114.000000
3140.000000
3180.000000
3179.000000
3039.000000
2931.000000
3069.000000
3121.000000
3174.000000
3113.000000
3120.000000
3015.000000
3028.000000
3083.000000
3208.000000
3174.000000
3173.000000
3072.000000
3174.000000
3154.000000
3126.000000
3143.000000
3132.000000
3009.000000
3138.000000
3106.000000
3069.000000
3219.000000
3182.000000
3099.000000
3082.000000
3123.000000
3105.000000
3184.000000
3164.000000
3104.000000
3033.000000
3154.000000
3075.000000
3131.000000
3120.000000
3188.000000
3133.000000
3184.000000
3146.000000
3143.000000
3100.000000
3163.000000
3144.000000
3160.000000
3154.000000
3153.000000
3137.000000
3160.000000
3148.000000
3103.000000
3096.000000
3067.000000
3065.000000
3088.000000
3138.000000
3079.000000
3080.000000
3130.000000
3056.000000
3021.000000
3128.000000
3075.000000
3102.000000
3064.000000
3080.000000
3133.000000
3148.000000
3114.000000
3146.000000
3111.000000
3165.000000
3152.000000
3046.000000
3151.000000
3098.000000
3041.000000
3173.000000
3153.000000
3094.000000
3109.000000
3168.000000
3123.000000
3149.000000
3138.000000
3071.000000
3125.000000
3068.000000
3112.000000
3132.000000
3168.000000
3149.000000
3082.000000
3071.000000
3035.000000
3164.000000
3106.000000
3149.000000
3163.000000
3130.000000
3006.000000
3049.000000
3191.000000
3240.000000
3138.000000
3122.000000
3105.000000
3125.000000
3155.000000
3184.000000
3165.000000
3156.000000
3176.000000
3157.000000
3154.000000
3156.000000
3109.000000
3037.000000
3219.000000
3164.000000
3124.000000
3068.000000
3106.000000
3115.000000
3178.000000
3152.000000
3181.000000
3192.000000
3226.000000
3102.000000
3006.000000
3005.000000
3208.000000
3151.000000
3026.000000
3068.000000
3153.000000
00
3240.000000
3210.000000
3192.000000
3189.000000
3273.000000
3227.000000
3210.000000
3175.000000
3117.000000
2971.000000
3012.000000
2974.000000
3113.000000
3133.000000
3281.000000
3346.000000
3383.000000
3324.000000
3240.000000
2988.000000
2933.000000
2893.000000
2938.000000
3012.000000
3109.000000
3232.000000
3275.000000
3206.000000
3127.000000
3157.000000
3039.000000
2934.000000
2882.000000
3007.000000
3032.000000
3159.000000
3214.000000
3298.000000
3204.000000
3088.000000
3050.000000
3078.000000
2975.000000
2993.000000
3096.000000
3166.000000
3125.000000
3000.000000
3003.000000
3026.000000
3057.000000
3109.000000
3248.000000
3216.000000
3132.000000
3148.000000
3065.000000
2994.000000
3031.000000
3173.000000
3179.000000
3160.000000
3166.000000
3045.000000
3013.000000
3049.000000
3118.000000
3216.000000
3276.000000
3202.000000
3198.000000
3074.000000
3079.000000
3016.000000
3139.000000
3180.000000
3188.000000
3080.000000
3098.000000
3138.000000
3143.000000
3133.000000
3352.000000
3286.000000
3103.000000
3133.000000
3066.000000
2994.000000
3127.000000
3111.000000
3210.000000
3280.000000
3174.000000
3217.000000
3237.000000
3090.000000
2975.000000
2941.000000
2872.000000
3024.000000
3218.000000
3380.000000
3430.000000
3460.000000
3338.000000
3211.000000
2947.000000
2760.000000
2890.000000
2940.000000
3141.000000
3373.000000
3378.000000
3316.000000
3296.000000
3112.000000
3090.000000
3013.000000
3075.000000
3125.000000
3241.000000
3177.000000
3204.000000
3271.000000
3272.000000
3168.000000
3188.000000
3171.000000
3093.000000
2953.000000
3010.000000
3065.000000
3145.000000
3201.000000
3288.000000
3304.000000
3202.000000
3176.000000
3193.000000
3213.000000
3080.000000
3021.000000
2933.000000
2944.000000
2984.000000
3106.000000
3309.000000
3476.000000
3447.000000
3408.000000
3255.000000
2957.000000
2738.000000
2624.000000
2725.000000
2887.000000
3192.000000
3404.000000
3523.000000
3428.000000
3279.000000
3033.000000
2846.000000
2924.000000
2829.000000
2802.000000
2930.000000
2965.000000
3028.000000
3232.000000
3318.000000
3364.000000
3223.000000
3107.000000
3018.000000
3031.000000
2967.000000
3013.000000
3067.000000
2982.000000
3004.000000
2950.000000
2960.000000
3080.000000
3143.000000
3225.000000
3338.000000
3406.000000
3271.000000
3015.000000
3035.000000
2947.000000
2834.000000
2972.000000
3145.000000
3231.000000
3114.000000
3031.000000
3053.000000
3114.000000
3132.000000
3234.000000
3361.000000
3292.000000
3170.000000
3066.000000
3053.000000
2965.000000
3080.000000
3218.000000
3319.000000
3272.000000
3272.000000
3274.000000
3156.000000
3053.000000
3131.000000
3166.000000
3239.000000
3224.000000
3122.000000
3058.000000
3078.000000
3092.000000
3109.000000
3098.000000
3070.000000
3069.000000
3085.000000
3171.000000
3188.000000
3222.000000
3239.000000
3233.000000
3103.000000
3010.000000
2919.000000
2941.000000
2955.000000
3096.000000
3076.000000
3145.000000
3162.000000
3254.000000
3249.000000
3245.000000
3153.000000
3094.000000
2829.000000
2644.000000
2825.000000
2962.000000
3166.000000
3377.000000
3501.000000
3400.000000
00
2968.000000
3111.000000
3152.000000
3234.000000
3223.000000
3233.000000
3217.000000
3195.000000
3014.000000
2946.000000
2900.000000
2941.000000
3047.000000
3239.000000
3332.000000
3315.000000
3178.000000
3015.000000
2977.000000
2922.000000
3043.000000
3230.000000
3233.000000
3109.000000
3130.000000
3010.000000
3103.000000
3192.000000
3177.000000
3156.000000
3148.000000
3047.000000
2920.000000
2994.000000
3120.000000
3255.000000
3273.000000
3207.000000
3039.000000
2979.000000
3001.000000
3147.000000
3180.000000
3155.000000
3192.000000
3192.000000
3080.000000
2989.000000
3112.000000
3163.000000
3171.000000
3122.000000
3115.000000
2997.000000
3066.000000
3016.000000
3095.000000
3233.000000
3299.000000
3174.000000
3120.000000
3120.000000
3052.000000
3027.000000
3065.000000
3124.000000
3093.000000
3110.000000
3142.000000
3184.000000
3248.000000
3305.000000
3258.000000
3157.000000
3026.000000
2984.000000
2998.000000
3087.000000
3244.000000
3185.000000
3167.000000
3218.000000
3171.000000
3205.000000
3283.000000
3136.000000
3060.000000
3007.000000
3039.000000
3110.000000
3202.000000
3281.000000
3256.000000
3242.000000
3133.000000
3233.000000
3156.000000
3071.000000
3103.000000
3120.000000
3097.000000
3128.000000
3092.000000
3159.000000
3133.000000
3104.000000
3174.000000
3091.000000
3105.000000
3107.000000
3144.000000
3126.000000
3234.000000
3176.000000
2976.000000
2926.000000
3072.000000
3081.000000
3182.000000
3166.000000
3192.000000
3095.000000
3007.000000
2987.000000
3066.000000
3127.000000
3213.000000
3187.000000
3153.000000
3086.000000
2948.000000
2973.000000
3097.000000
3139.000000
3254.000000
3232.000000
3180.000000
3112.000000
3110.000000
3027.000000
3133.000000
3122.000000
3056.000000
3104.000000
3180.000000
3123.000000
3144.000000
3106.000000
3068.000000
3039.000000
3042.000000
3098.000000
3213.000000
3168.000000
3064.000000
3098.000000
3077.000000
3101.000000
3195.000000
3212.000000
3136.000000
3085.000000
2948.000000
2968.000000
3071.000000
3361.000000
3404.000000
3291.000000
3082.000000
3105.000000
3003.000000
3000.000000
3008.000000
3088.000000
3124.000000
3304.000000
3238.000000
3108.000000
3113.000000
3083.000000
3048.000000
3200.000000
3143.000000
3020.000000
3132.000000
3106.000000
3105.000000
3189.000000
3129.000000
3150.000000
3156.000000
3042.000000
3081.000000
3168.000000
3252.000000
3167.000000
3065.000000
3099.000000
3178.000000
3207.000000
3113.000000
3162.000000
3152.000000
3079.000000
3040.000000
3195.000000
3174.000000
3083.000000
3157.000000
3042.000000
3083.000000
3262.000000
3287.000000
3276.000000
3203.000000
3098.000000
3013.000000
2997.000000
3006.000000
3196.000000
3248.000000
3220.000000
3100.000000
3066.000000
3046.000000
3143.000000
3317.000000
3291.000000
3118.000000
3025.000000
3005.000000
3003.000000
3015.000000
3216.000000
3297.000000
3315.000000
3175.000000
3063.000000
2988.000000
2992.000000
3035.000000
3126.000000
3191.000000
3277.000000
3197.000000
3180.000000
3069.000000
3033.000000
3122.000000
3166.000000
3166.000000
3217.000000
3164.000000
3105.000000
3024.000000
3067.000000
00
3153.000000
3234.000000
3214.000000
3109.000000
3104.000000
3135.000000
3110.000000
3143.000000
3181.000000
3235.000000
3170.000000
3148.000000
3095.000000
3135.000000
3176.000000
3172.000000
3207.000000
3117.000000
3144.000000
3127.000000
3227.000000
3190.000000
3125.000000
3085.000000
3123.000000
3082.000000
3222.000000
3164.000000
3088.000000
3087.000000
3139.000000
3154.000000
3232.000000
3150.000000
3026.000000
3126.000000
3111.000000
3132.000000
3130.000000
3131.000000
3090.000000
3142.000000
3100.000000
3164.000000
3187.000000
3094.000000
3041.000000
3084.000000
3026.000000
3110.000000
3122.000000
3220.000000
3143.000000
3033.000000
3022.000000
3080.000000
3116.000000
3164.000000
3152.000000
3201.000000
3115.000000
3032.000000
3103.000000
3279.000000
3248.000000
3140.000000
3017.000000
3025.000000
3156.000000
3112.000000
3168.000000
3156.000000
3216.000000
3112.000000
3155.000000
3154.000000
3197.000000
3144.000000
3177.000000
3157.000000
3155.000000
3102.000000
3124.000000
3145.000000
3162.000000
3186.000000
3157.000000
3169.000000
3136.000000
3135.000000
3131.000000
3166.000000
3127.000000
3097.000000
3121.000000
3118.000000
3173.000000
3141.000000
3155.000000
3147.000000
3131.000000
3122.000000
3111.000000
3180.000000
3114.000000
3140.000000
3087.000000
3141.000000
3115.000000
3165.000000
3122.000000
3134.000000
3062.000000
3068.000000
3118.000000
3118.000000
3108.000000
3113.000000
3136.000000
3098.000000
3091.000000
3082.000000
3127.000000
3113.000000
3137.000000
3058.000000
3069.000000
3041.000000
3118.000000
3087.000000
3130.000000
3114.000000
3123.000000
3085.000000
3138.000000
3070.000000
3111.000000
3147.000000
3131.000000
3051.000000
3120.000000
3120.000000
3109.000000
3020.000000
3089.000000
3098.000000
3109.000000
3117.000000
3138.000000
3171.000000
3138.000000
3130.000000
3173.000000
3065.000000
2985.000000
3058.000000
3123.000000
3061.000000
3147.000000
3098.000000
3123.000000
3120.000000
3105.000000
3053.000000
3090.000000
3146.000000
3109.000000
3176.000000
3096.000000
2987.000000
3115.000000
3150.000000
3125.000000
3164.000000
3170.000000
3079.000000
3059.000000
3073.000000
3176.000000
3163.000000
3155.000000
3082.000000
3111.000000
3095.000000
3192.000000
3134.000000
3158.000000
3104.000000
3121.000000
3083.000000
3129.000000
3184.000000
3196.000000
3096.000000
3169.000000
3206.000000
3143.000000
3065.000000
3000.000000
3092.000000
3136.000000
3100.000000
3073.000000
3208.000000
3147.000000
3062.000000
3175.000000
3096.000000
3082.000000
3097.000000
3162.000000
3114.000000
3104.000000
3101.000000
3114.000000
3172.000000
3108.000000
3148.000000
3106.000000
3118.000000
3102.000000
3089.000000
3139.000000
3157.000000
3165.000000
3124.000000
3063.000000
3111.000000
3099.000000
3175.000000
3137.000000
3056.000000
3056.000000
3068.000000
3176.000000
3126.000000
3068.000000
3100.000000
3094.000000
3069.000000
3083.000000
3159.000000
3121.000000
3149.000000
3138.000000
3134.000000
3118.000000
3133.000000
3109.000000
3198.000000
3155.000000
3124.000000
3143.000000
3157.000000
3234.000000
3198.000000
00
3114.000000
3209.000000
3152.000000
3143.000000
3081.000000
3227.000000
3230.000000
3163.000000
3173.000000
3223.000000
3121.000000
3098.000000
3142.000000
3200.000000
3145.000000
3195.000000
3158.000000
3092.000000
3156.000000
3266.000000
3178.000000
3095.000000
3149.000000
3123.000000
3074.000000
3095.000000
3141.000000
3194.000000
3099.000000
3134.000000
3121.000000
3144.000000
3075.000000
3154.000000
3109.000000
3153.000000
3067.000000
3092.000000
3078.000000
3068.000000
3217.000000
3211.000000
3112.000000
3111.000000
3117.000000
3096.000000
3158.000000
3277.000000
3200.000000
3034.000000
3060.000000
3174.000000
3148.000000
3153.000000
3200.000000
3111.000000
3173.000000
3118.000000
3176.000000
3162.000000
3239.000000
3177.000000
3075.000000
3118.000000
3137.000000
3169.000000
3194.000000
3164.000000
3070.000000
3171.000000
3165.000000
3098.000000
3108.000000
3103.000000
3048.000000
3083.000000
3110.000000
3226.000000
3142.000000
3056.000000
3178.000000
3125.000000
3104.000000
3195.000000
3172.000000
3089.000000
3153.000000
3203.000000
3154.000000
3102.000000
3175.000000
3101.000000
3016.000000
3156.000000
3191.000000
3105.000000
3159.000000
3082.000000
2992.000000
3031.000000
3129.000000
3111.000000
3062.000000
2983.000000
2955.000000
2962.000000
3092.000000
3085.000000
2984.000000
2881.000000
2956.000000
2880.000000
2957.000000
2987.000000
2900.000000
2871.000000
2952.000000
2891.000000
2811.000000
2802.000000
3021.000000
4.000000
8.000000
0.000000
15.000000
5.000000
4095.000000
8.000000
6.000000
126.000000
14.000000
12.000000
4095.000000
4.000000
9.000000
5.000000
10.000000
3278.000000
8.000000
4095.000000
6.000000
12.000000
8.000000
4095.000000
1.000000
4095.000000
3314.000000
3206.000000
0.000000
70.000000
4095.000000
3295.000000
54.000000
4095.000000
3284.000000
3205.000000
3.000000
10.000000
6.000000
3.000000
4095.000000
3308.000000
3199.000000
0.000000
12.000000
0.000000
9.000000
4095.000000
3298.000000
10.000000
5.000000
11.000000
39.000000
6.000000
5.000000
4095.000000
3294.000000
8.000000
3.000000
4095.000000
1.000000
8.000000
4.000000
2802.000000
2.000000
4095.000000
3744.000000
4095.000000
13.000000
2.000000
4095.000000
5.000000
13.000000
4095.000000
3297.000000
3200.000000
11.000000
4.000000
2.000000
15.000000
4095.000000
3290.000000
3198.000000
3202.000000
1.000000
1683.000000
12.000000
9.000000
11.000000
4095.000000
3294.000000
6.000000
8.000000
21.000000
4095.000000
3293.000000
3197.000000
10.000000
462.000000
4095.000000
3286.000000
5.000000
14.000000
3.000000
4095.000000
4.000000
11.000000
10.000000
4095.000000
3301.000000
2.000000
6.000000
4095.000000
3291.000000
5.000000
6.000000
4095.000000
3287.000000
3197.000000
3195.000000
12.000000
9.000000
5.000000
4095.000000
3292.000000
6.000000
5.000000
4095.000000
3322.000000
3198.000000
3212.000000
3201.000000
6.000000
3.000000
12.000000
4.000000
00
2704.000000
2960.000000
3671.000000
3881.000000
3384.000000
3134.000000
3325.000000
3147.000000
3185.000000
3402.000000
3692.000000
3322.000000
3480.000000
3667.000000
3546.000000
2993.000000
2957.000000
2704.000000
2960.000000
3366.000000
3267.000000
2837.000000
2401.000000
2148.000000
2082.000000
2476.000000
2856.000000
3357.000000
2901.000000
2689.000000
2530.000000
2558.000000
2805.000000
2797.000000
3048.000000
3322.000000
3219.000000
3212.000000
3239.000000
3649.000000
3698.000000
3742.000000
3960.000000
3704.000000
3642.000000
3473.000000
3708.000000
3846.000000
3980.000000
3482.000000
3219.000000
2789.000000
3070.000000
3742.000000
3493.000000
3301.000000
3133.000000
2894.000000
2687.000000
2696.000000
2507.000000
2718.000000
2927.000000
2884.000000
2448.000000
2502.000000
2779.000000
2944.000000
3129.000000
3182.000000
3310.000000
2863.000000
2824.000000
2987.000000
3184.000000
3415.000000
3129.000000
3272.000000
3046.000000
3268.000000
3226.000000
2983.000000
3122.000000
3103.000000
3207.000000
2872.000000
2731.000000
3101.000000
2992.000000
2857.000000
2614.000000
2714.000000
2789.000000
3092.000000
2987.000000
3082.000000
3120.000000
3153.000000
3104.000000
3233.000000
3460.000000
3344.000000
3353.000000
3320.000000
3535.000000
3767.000000
3983.000000
3467.000000
3636.000000
3780.000000
3564.000000
3360.000000
3155.000000
3668.000000
3792.000000
3387.000000
2770.000000
2616.000000
2567.000000
2779.000000
3301.000000
3796.000000
3301.000000
2829.000000
2750.000000
2776.000000
3028.000000
3261.000000
3179.000000
3153.000000
3400.000000
2911.000000
2787.000000
3017.000000
3267.000000
2994.000000
3217.000000
3245.000000
3137.000000
2891.000000
2890.000000
2941.000000
2652.000000
2803.000000
2970.000000
2775.000000
2781.000000
2555.000000
2492.000000
2334.000000
2579.000000
2715.000000
2888.000000
2450.000000
2319.000000
2304.000000
2594.000000
2668.000000
2956.000000
2807.000000
2915.000000
2686.000000
2676.000000
3069.000000
3368.000000
3042.000000
2961.000000
3341.000000
3418.000000
3539.000000
3607.000000
3783.000000
3401.000000
2958.000000
3132.000000
3773.000000
3981.000000
4095.000000
3634.000000
3216.000000
3141.000000
3976.000000
4095.000000
4095.000000
3941.000000
3745.000000
3288.000000
3165.000000
3183.000000
3224.000000
3105.000000
3162.000000
2966.000000
2746.000000
3135.000000
3495.000000
3891.000000
3389.000000
2650.000000
2664.000000
2944.000000
3187.000000
3356.000000
3535.000000
2954.000000
2622.000000
2369.000000
2787.000000
3062.000000
2960.000000
3044.000000
3192.000000
3067.000000
2884.000000
2631.000000
2901.000000
2771.000000
2914.000000
3287.000000
3057.000000
2954.000000
2932.000000
2983.000000
2689.000000
2883.000000
2917.000000
2685.000000
2621.000000
2846.000000
2664.000000
2910.000000
3173.000000
3104.000000
2679.000000
2642.000000
2883.000000
3207.000000
3243.000000
3260.000000
3342.000000
3044.000000
2669.000000
2969.000000
3204.000000
3119.000000
3436.000000
3600.000000
3550.000000
3493.000000
4095.000000
4095.000000
3776.000000
3795.000000
4095.000000
3771.000000
3050.000000
00
3151.000000
3138.000000
3228.000000
3237.000000
3173.000000
3130.000000
3196.000000
3079.000000
3177.000000
3140.000000
3053.000000
3073.000000
3214.000000
3166.000000
3015.000000
3088.000000
3017.000000
2938.000000
3060.000000
3093.000000
3080.000000
3068.000000
3047.000000
3121.000000
3114.000000
3068.000000
3156.000000
3132.000000
3138.000000
3043.000000
3032.000000
3117.000000
3129.000000
3162.000000
3070.000000
3126.000000
3053.000000
3058.000000
3071.000000
3230.000000
3191.000000
3089.000000
3003.000000
3018.000000
3111.000000
3117.000000
3097.000000
3122.000000
3068.000000
3016.000000
3103.000000
3082.000000
3047.000000
3113.000000
3114.000000
3126.000000
3051.000000
3037.000000
3171.000000
3081.000000
3078.000000
3141.000000
3140.000000
3152.000000
3136.000000
3169.000000
3173.000000
3138.000000
3092.000000
3122.000000
3139.000000
3188.000000
3147.000000
3030.000000
3123.000000
3217.000000
3163.000000
3078.000000
3093.000000
3140.000000
3093.000000
3114.000000
3135.000000
3185.000000
3123.000000
3130.000000
3090.000000
3155.000000
3168.000000
3120.000000
3042.000000
3185.000000
3183.000000
3144.000000
3070.000000
3180.000000
3141.000000
3089.000000
3070.000000
3174.000000
3175.000000
3060.000000
3074.000000
3022.000000
3073.000000
3121.000000
3135.000000
3130.000000
3123.000000
3096.000000
3106.000000
2998.000000
3012.000000
3163.000000
3129.000000
3078.000000
3043.000000
3132.000000
3133.000000
3194.000000
3266.000000
3223.000000
3068.000000
3024.000000
3100.000000
3143.000000
3201.000000
3225.000000
3146.000000
3162.000000
3120.000000
3101.000000
3176.000000
3177.000000
3226.000000
3292.000000
3181.000000
3035.000000
3078.000000
3200.000000
3123.000000
3103.000000
3139.000000
3206.000000
3119.000000
3145.000000
3115.000000
3228.000000
3184.000000
3208.000000
3187.000000
3142.000000
3131.000000
3213.000000
3280.000000
3230.000000
3181.000000
3180.000000
3095.000000
3136.000000
3122.000000
3143.000000
3132.000000
3163.000000
3120.000000
3075.000000
3089.000000
3056.000000
3006.000000
3082.000000
3031.000000
3075.000000
3081.000000
3134.000000
3022.000000
3016.000000
2970.000000
3048.000000
3079.000000
3193.000000
3176.000000
3039.000000
2869.000000
3076.000000
3082.000000
3010.000000
3093.000000
3085.000000
3071.000000
3088.000000
3101.000000
3078.000000
3105.000000
3050.000000
3082.000000
3073.000000
3128.000000
3128.000000
3166.000000
3080.000000
3175.000000
3164.000000
3058.000000
3080.000000
3157.000000
3128.000000
3218.000000
3134.000000
3167.000000
3160.000000
3179.000000
3108.000000
3190.000000
3117.000000
3064.000000
3210.000000
3217.000000
3104.000000
3291.000000
3218.000000
3068.000000
3031.000000
3068.000000
3251.000000
3150.000000
3089.000000
3080.000000
3115.000000
3063.000000
3132.000000
3124.000000
3128.000000
3043.000000
3090.000000
3119.000000
3189.000000
3123.000000
3144.000000
3141.000000
3152.000000
3107.000000
3140.000000
3189.000000
3183.000000
3160.000000
3140.000000
3151.000000
3129.000000
3163.000000
3144.000000
3102.000000
3072.000000
3143.000000
3156.000000
3170.000000
3200.000000
00
4095.000000
1.000000
9.000000
4095.000000
3300.000000
3197.000000
3199.000000
3196.000000
8.000000
9.000000
8.000000
4095.000000
4095.000000
3300.000000
3201.000000
4.000000
8.000000
4095.000000
3308.000000
0.000000
4095.000000
3336.000000
3198.000000
5.000000
12.000000
5.000000
8.000000
192.000000
4095.000000
3286.000000
3200.000000
3201.000000
3199.000000
4062.000000
4095.000000
3289.000000
3199.000000
8.000000
10.000000
4095.000000
4095.000000
5.000000
14.000000
4095.000000
3287.000000
3201.000000
9.000000
8.000000
9.000000
12.000000
10.000000
11.000000
5.000000
1.000000
4095.000000
3301.000000
3195.000000
3199.000000
3195.000000
3202.000000
3200.000000
3197.000000
3198.000000
2.000000
9.000000
4095.000000
3299.000000
7.000000
11.000000
3066.000000
4095.000000
1.000000
12.000000
4095.000000
3296.000000
4095.000000
9.000000
4.000000
6.000000
4095.000000
16.000000
3.000000
10.000000
2.000000
8.000000
0.000000
4095.000000
3296.000000
3195.000000
3198.000000
3200.000000
2829.000000
11.000000
4095.000000
3302.000000
3200.000000
14.000000
6.000000
10.000000
4.000000
4095.000000
3296.000000
3208.000000
3198.000000
3201.000000
3208.000000
3195.000000
4095.000000
16.000000
6.000000
8.000000
8.000000
10.000000
4.000000
10.000000
5.000000
6.000000
5.000000
16.000000
4095.000000
4095.000000
3292.000000
3195.000000
3200.000000
4095.000000
1484.000000
11.000000
4095.000000
3303.000000
3199.000000
3198.000000
3201.000000
3200.000000
3194.000000
3202.000000
3201.000000
6.000000
9.000000
10.000000
6.000000
4095.000000
3308.000000
3202.000000
3198.000000
3204.000000
4.000000
10.000000
17.000000
11.000000
4.000000
8.000000
4.000000
11.000000
0.000000
6.000000
4095.000000
3289.000000
3203.000000
3199.000000
3200.000000
3201.000000
3201.000000
3209.000000
3200.000000
3204.000000
3201.000000
3202.000000
3203.000000
3203.000000
3208.000000
3202.000000
4095.000000
3299.000000
0.000000
3.000000
6.000000
4095.000000
8.000000
10.000000
5.000000
4095.000000
3296.000000
10.000000
3.000000
13.000000
0.000000
4095.000000
3299.000000
3198.000000
3198.000000
3200.000000
3200.000000
3199.000000
3204.000000
3204.000000
3201.000000
3203.000000
13.000000
4095.000000
3306.000000
3197.000000
3201.000000
3203.000000
3196.000000
3201.000000
3201.000000
3195.000000
13.000000
12.000000
4.000000
6.000000
6.000000
9.000000
0.000000
9.000000
5.000000
6.000000
7.000000
4095.000000
3300.000000
3196.000000
3200.000000
3202.000000
3.000000
3.000000
15.000000
4095.000000
3298.000000
3199.000000
3200.000000
3202.000000
3199.000000
3203.000000
3198.000000
3204.000000
3200.000000
13.000000
2.000000
11.000000
2.000000
18.000000
11.000000
15.000000
4095.000000
4095.000000
4.000000
7.000000
4095.000000
3305.000000
3194.000000
3202.000000
3200.000000
3202.000000
3198.000000
10.000000
4095.000000
00
2933.000000
2831.000000
2867.000000
2958.000000
3413.000000
3741.000000
3450.000000
3182.000000
2892.000000
2741.000000
3010.000000
3248.000000
3434.000000
3427.000000
2792.000000
2523.000000
2620.000000
2877.000000
3174.000000
3454.000000
2972.000000
2630.000000
2537.000000
2845.000000
2995.000000
2988.000000
2919.000000
2976.000000
2907.000000
2810.000000
2797.000000
2873.000000
2875.000000
3254.000000
3223.000000
3140.000000
2707.000000
2412.000000
2455.000000
2693.000000
2755.000000
2955.000000
3284.000000
3519.000000
2963.000000
2539.000000
2496.000000
2887.000000
3165.000000
3453.000000
3588.000000
3292.000000
2865.000000
3005.000000
3539.000000
3818.000000
3549.000000
3121.000000
2968.000000
3008.000000
3234.000000
3173.000000
3547.000000
3682.000000
3276.000000
2751.000000
2810.000000
3290.000000
3511.000000
3625.000000
4049.000000
3816.000000
3210.000000
3031.000000
2808.000000
2659.000000
2764.000000
3180.000000
3285.000000
3243.000000
3448.000000
3394.000000
3125.000000
2868.000000
3562.000000
3694.000000
3605.000000
3380.000000
2747.000000
2196.000000
2508.000000
3192.000000
3455.000000
3546.000000
3623.000000
3177.000000
2371.000000
2302.000000
3045.000000
3621.000000
3336.000000
3313.000000
3090.000000
2829.000000
2501.000000
2692.000000
3282.000000
3589.000000
3289.000000
2938.000000
2922.000000
2654.000000
2551.000000
2936.000000
3440.000000
4016.000000
3719.000000
2908.000000
2883.000000
3274.000000
3351.000000
2997.000000
3340.000000
3392.000000
2983.000000
2604.000000
2687.000000
2868.000000
2452.000000
2423.000000
2972.000000
3509.000000
3299.000000
2802.000000
2405.000000
2595.000000
2865.000000
3226.000000
3381.000000
3241.000000
2938.000000
2616.000000
2520.000000
2815.000000
3636.000000
3755.000000
3234.000000
3489.000000
3384.000000
2712.000000
2646.000000
3474.000000
3815.000000
3401.000000
2912.000000
2936.000000
2971.000000
2945.000000
3121.000000
3924.000000
3693.000000
2912.000000
2758.000000
2786.000000
2741.000000
2669.000000
3264.000000
3700.000000
3687.000000
3184.000000
3128.000000
3042.000000
3018.000000
3109.000000
3696.000000
3867.000000
3452.000000
2951.000000
2989.000000
2966.000000
2833.000000
3244.000000
3657.000000
3725.000000
3227.000000
3102.000000
2679.000000
2481.000000
3054.000000
3490.000000
3447.000000
3328.000000
2745.000000
2488.000000
2501.000000
2869.000000
3539.000000
3154.000000
2834.000000
2924.000000
2698.000000
2495.000000
3126.000000
3381.000000
3324.000000
3219.000000
3150.000000
3067.000000
2913.000000
3008.000000
3178.000000
3266.000000
3269.000000
3201.000000
3131.000000
2884.000000
3200.000000
3545.000000
3672.000000
3454.000000
3495.000000
3444.000000
3304.000000
3186.000000
3456.000000
3624.000000
3707.000000
3444.000000
3111.000000
3316.000000
3291.000000
3272.000000
3082.000000
3327.000000
3221.000000
3306.000000
3418.000000
3383.000000
2904.000000
2795.000000
3196.000000
3684.000000
3539.000000
3291.000000
2651.000000
2412.000000
2479.000000
2973.000000
3075.000000
2718.000000
3061.000000
3077.000000
2472.000000
2562.000000
2711.000000
2984.000000
00
3158.000000
3118.000000
3204.000000
3092.000000
3160.000000
3228.000000
3185.000000
3148.000000
3074.000000
3100.000000
3062.000000
3104.000000
3112.000000
3235.000000
3138.000000
3021.000000
3096.000000
3112.000000
3036.000000
3138.000000
3049.000000
2941.000000
3058.000000
3034.000000
3059.000000
3092.000000
3003.000000
2904.000000
2978.000000
2949.000000
2984.000000
3069.000000
3080.000000
3098.000000
3089.000000
2949.000000
2931.000000
3002.000000
3187.000000
3200.000000
3016.000000
2957.000000
3032.000000
3144.000000
3166.000000
3108.000000
3051.000000
3094.000000
3054.000000
3073.000000
3170.000000
3163.000000
3122.000000
3008.000000
2951.000000
2945.000000
3067.000000
3102.000000
3155.000000
3183.000000
3051.000000
2959.000000
3051.000000
3034.000000
3035.000000
3088.000000
3017.000000
3098.000000
3143.000000
3097.000000
3153.000000
3140.000000
3089.000000
2996.000000
3100.000000
3144.000000
3128.000000
3094.000000
3153.000000
3097.000000
3067.000000
3202.000000
3144.000000
3078.000000
3127.000000
3100.000000
3043.000000
3142.000000
3043.000000
3105.000000
3123.000000
3063.000000
3119.000000
3167.000000
3079.000000
3116.000000
3155.000000
3196.000000
3195.000000
3197.000000
3113.000000
3118.000000
3170.000000
3136.000000
3077.000000
3133.000000
3144.000000
3096.000000
3057.000000
3017.000000
3082.000000
3137.000000
3184.000000
3158.000000
3211.000000
3029.000000
2950.000000
3216.000000
3378.000000
3049.000000
2858.000000
2823.000000
3128.000000
3318.000000
3319.000000
3231.000000
2962.000000
2950.000000
3008.000000
3281.000000
3420.000000
3272.000000
3067.000000
3034.000000
3171.000000
3113.000000
3242.000000
3210.000000
3190.000000
3145.000000
3074.000000
3143.000000
3111.000000
3306.000000
3361.000000
3112.000000
3019.000000
3204.000000
3142.000000
3209.000000
3248.000000
3227.000000
3167.000000
3058.000000
3073.000000
3167.000000
3163.000000
3134.000000
3238.000000
3124.000000
3043.000000
3115.000000
3136.000000
3146.000000
3145.000000
3177.000000
3059.000000
3048.000000
3088.000000
3196.000000
3211.000000
3073.000000
3051.000000
3126.000000
3056.000000
3133.000000
3089.000000
3056.000000
3038.000000
3160.000000
3168.000000
3207.000000
3089.000000
2894.000000
3105.000000
3200.000000
3196.000000
3102.000000
3073.000000
3132.000000
3031.000000
2980.000000
3080.000000
3164.000000
3057.000000
3009.000000
3282.000000
3031.000000
2950.000000
2981.000000
3091.000000
3035.000000
3008.000000
3118.000000
3152.000000
2989.000000
2971.000000
3008.000000
3106.000000
3083.000000
3067.000000
3114.000000
3171.000000
3118.000000
3133.000000
2956.000000
3073.000000
3214.000000
3175.000000
3092.000000
2967.000000
3042.000000
3113.000000
3284.000000
3249.000000
3089.000000
3054.000000
2986.000000
3133.000000
3261.000000
2995.000000
3050.000000
3179.000000
3086.000000
3143.000000
3263.000000
3216.000000
3038.000000
2855.000000
3149.000000
3224.000000
3111.000000
3139.000000
2998.000000
3029.000000
3212.000000
3123.000000
3014.000000
3199.000000
3341.000000
3338.000000
3001.000000
2914.000000
3154.000000
3287.000000
3273.000000
00
3090.000000
3142.000000
3229.000000
3164.000000
3162.000000
3218.000000
3120.000000
2983.000000
3130.000000
3142.000000
3198.000000
3143.000000
3017.000000
3088.000000
3182.000000
3189.000000
3263.000000
3187.000000
3100.000000
3053.000000
3036.000000
3009.000000
3188.000000
3270.000000
3224.000000
3030.000000
2950.000000
2989.000000
3113.000000
3176.000000
3185.000000
3227.000000
3085.000000
3029.000000
3082.000000
3100.000000
3109.000000
3153.000000
3243.000000
3136.000000
3100.000000
3223.000000
3148.000000
3083.000000
3120.000000
3091.000000
3092.000000
3071.000000
3198.000000
3233.000000
3100.000000
3074.000000
3122.000000
3127.000000
3105.000000
3154.000000
3354.000000
3207.000000
3024.000000
3010.000000
3032.000000
3142.000000
3204.000000
3132.000000
3114.000000
3166.000000
3043.000000
3029.000000
3098.000000
3094.000000
2996.000000
3061.000000
3117.000000
3114.000000
3164.000000
3109.000000
3165.000000
3074.000000
3150.000000
3207.000000
3204.000000
3139.000000
3136.000000
3005.000000
3120.000000
3160.000000
3066.000000
3169.000000
3113.000000
2994.000000
3243.000000
3186.000000
3029.000000
3005.000000
3105.000000
3082.000000
3103.000000
3172.000000
3131.000000
3136.000000
3126.000000
3120.000000
3140.000000
3113.000000
3000.000000
3095.000000
3085.000000
3101.000000
3210.000000
3127.000000
2996.000000
2952.000000
2950.000000
3061.000000
3132.000000
3151.000000
3210.000000
3086.000000
3041.000000
3058.000000
3171.000000
3188.000000
3246.000000
3160.000000
3129.000000
3146.000000
3021.000000
3085.000000
3087.000000
3098.000000
3027.000000
3078.000000
3011.000000
3077.000000
3067.000000
3136.000000
3178.000000
3189.000000
3146.000000
3090.000000
3126.000000
3048.000000
3105.000000
3072.000000
3146.000000
3111.000000
3061.000000
3063.000000
3164.000000
3127.000000
3177.000000
3138.000000
3070.000000
3107.000000
3116.000000
3067.000000
3246.000000
3207.000000
3097.000000
3187.000000
3248.000000
3126.000000
3095.000000
3019.000000
3178.000000
3162.000000
3028.000000
3096.000000
3051.000000
3071.000000
3204.000000
3153.000000
3092.000000
3208.000000
3190.000000
3173.000000
3217.000000
3106.000000
3116.000000
3134.000000
3071.000000
3171.000000
3218.000000
3157.000000
3097.000000
3195.000000
3230.000000
3215.000000
3151.000000
3187.000000
3208.000000
3166.000000
3127.000000
3188.000000
3083.000000
3039.000000
3169.000000
3101.000000
3177.000000
3284.000000
3142.000000
3063.000000
3155.000000
3147.000000
3114.000000
3159.000000
3164.000000
3131.000000
3038.000000
3107.000000
3097.000000
3024.000000
3012.000000
3134.000000
3104.000000
3162.000000
3162.000000
3057.000000
3052.000000
3056.000000
3099.000000
3088.000000
3063.000000
3157.000000
3121.000000
3036.000000
3007.000000
3053.000000
3146.000000
3092.000000
3100.000000
3019.000000
3072.000000
3051.000000
3138.000000
3139.000000
3161.000000
3083.000000
3132.000000
3175.000000
3125.000000
3088.000000
3118.000000
3109.000000
3209.000000
3178.000000
3120.000000
3303.000000
3112.000000
2947.000000
3096.000000
3062.000000
3095.000000
3117.000000
3186.000000
3070.000000
00
3235.000000
3173.000000
2928.000000
3264.000000
3144.000000
3200.000000
3346.000000
2896.000000
2209.000000
2716.000000
3731.000000
4089.000000
3842.000000
3750.000000
3461.000000
2744.000000
2887.000000
3220.000000
3283.000000
3769.000000
4007.000000
3792.000000
3084.000000
2918.000000
2600.000000
2736.000000
3079.000000
3885.000000
4003.000000
3600.000000
2660.000000
2175.000000
2541.000000
3235.000000
2882.000000
3047.000000
3561.000000
3953.000000
3350.000000
2788.000000
2835.000000
2964.000000
3579.000000
3280.000000
2453.000000
2697.000000
3122.000000
3030.000000
2900.000000
2893.000000
3126.000000
2204.000000
2091.000000